2
5
3
0.3
10000
1
1
-1.0
1.5
0.1
------------
4
0.0
0.0
0.0
1.0
1.0
0.0
1.0
1.0
------------
0.0
0.0
0.0
1.0
0.0
1.0
1.0
0.0
1.0
1.0
1.0
0.0
------------
6.119672277836098
-3.7899070418337573
1.9208232381608217
-1.729249844985553
4.906894227648639
-2.8933808521697273
-1.052671339564588
-5.166342454198625
4.017817203902841
4.669138998630769
0.9657130146970788
3.797046359180025
-7.154969452480141
-8.101556604548609
-7.831317914090906
-4.05966258764871
-3.0443708575785804
-5.733906065391851
2.8175256039743752
0.6736630669554216
1.024115694879218
-4.071501089387957
4.623694886980119
-1.7698913010060344
7.921557939479489
