output.txt
2
5
5
3
0.3
100000
0
1
0.1
1.5
0.08
------------
4
0.0
0.0
0.0
1.0
1.0
0.0
1.0
1.0
------------
0.0
0.0
0.0
1.0
0.0
1.0
1.0
0.0
1.0
1.0
1.0
0.0
------------
-0.5998675562375283
-3.9032071467942977
-2.6706978650627295
2.53016515595013
0.0619776505318316
3.1802134439029004
0.9189672321684634
-0.5747427701697292
2.869520819063848
-3.357641131363282
-1.7358542557984173
2.5448218978670796
1.8232181396596068
-3.376852055454225
2.6869847889574694
1.6127004011609523
1.1749894631231956
1.7451957037282089
6.22374046235919
-3.2339840814235252
2.5521164207001297
0.7516298791250182
1.65056507659963
5.856946161153853
-5.16554470055211
-1.5392173973315812
0.8539003302566297
1.7428608300038622
-0.33242939545970934
5.488051189906539
2.64583800305081
0.057831712344813865
0.28572111506205705
6.533948320594418
-5.204842316765892
-2.773542118744961
-4.308814693873194
-1.3989067157396096
0.8110381454267602
1.317009475864173
-5.460775601782295
-0.5570229475709794
-1.2247719679995421
-5.797356744134734
-2.0769539946479267
-7.357172742206037
8.1173720418427
7.135954152362909
4.336205885240875
7.219418073083927
